495
6
12
14
15
12
6
12
10
14
15
12
10
10
14
8
10
7
15
15
6
0
1
6
14
14
3
8
1
3
14
15
2
0
2
7
15
16
9
2
3
5
11
4
9
16
16
7
2
3
5
8
81
7
10
10
8
81
97
5
8
9
7
96
96
9
19
97
81
8
98
97
81
81
96
7
98
96
81
7
9
16
17
97
13
97
20
13
97
95
20
20
13
76
76
20
93
93
95
20
18
19
96
96
94
18
18
80
19
18
94
92
92
80
18
57
1
6
6
0
57
57
70
63
69
62
57
57
69
0
1
57
70
70
1
3
2
0
69
69
62
59
61
63
70
70
61
3
2
69
59
4
2
9
9
4
19
4
2
59
61
3
5
5
13
76
76
5
61
4
19
80
80
4
59
62
56
57
57
56
63
56
63
68
68
62
56
63
67
68
68
66
62
62
59
58
58
62
66
67
63
60
60
61
63
64
66
68
67
68
65
55
65
64
64
65
68
54
55
64
65
55
51
44
80
59
59
58
44
44
45
58
45
47
58
58
47
66
66
47
42
42
66
64
60
61
30
30
61
76
76
91
93
32
30
60
60
32
34
34
67
60
67
34
23
23
29
67
67
29
65
65
29
27
27
51
65
64
40
42
40
54
64
23
23
27
27
34
23
23
27
29
35
40
47
44
36
45
46
44
36
36
39
46
45
38
36
38
45
40
40
45
47
48
46
41
41
46
39
43
48
41
41
43
37
30
22
32
31
30
22
22
24
31
27
32
34
32
27
25
25
32
22
24
26
31
31
26
33
33
28
26
26
28
21
33
31
30
30
33
76
76
33
28
28
76
91
44
46
48
48
44
80
80
48
43
43
80
90
90
92
80
36
38
40
40
36
54
53
54
36
36
53
52
41
36
39
41
36
52
52
41
37
37
43
90
91
28
21
25
27
22
27
51
22
22
50
51
49
50
22
22
26
24
26
22
49
49
26
21
21
49
91
90
52
37
51
55
73
73
54
55
54
53
79
79
53
52
52
88
90
88
79
52
49
50
75
75
51
50
75
49
89
89
91
49
51
75
73
73
79
54
78
79
88
79
78
73
73
77
78
75
74
89
74
75
73
73
74
72
72
73
77
47
42
35
35
