100
0,2237443
0,2237443
0,173516
0,173516
0,1392694
0,1392694
0,2191781
0,173516
0,173516
0,1392694
0,1849315
0,1392694
0,2077626
0,1392694
0,1666667
0,1666667
0,1392694
0,1392694
0,06849315
0,1392694
0,06849315
0,09360731
0,1598174
0,1598174
0,1415525
0,1506849
0,1255708
0,1506849
0,09360731
0,1598174
0,1506849
0,1415525
0,1506849
0,1255708
0,1506849
0,1598174
0,1598174
0,09360731
0,1506849
0,1415525
0,1506849
0,1255708
0,1598174
0,09360731
0,1506849
0,1506849
0,1415525
0,1506849
0,1255708
0,0913242
0,1415525
0,2305936
0,0913242
0,1415525
0,2123288
0,2260274
0,2716895
0,2351598
0,1986301
0,1986301
0,1986301
0,1986301
0,2534246
0,2534246
0,2054795
0,2054795
0,1849315
0,1849315
0,2123288
0,216895
0,216895
0
0,1872146
0,2054795
0,0913242
0,1415525
0,09817351
0,1872146
0,0913242
0,1415525
0,09817351
0,1894977
0
0
0
0
0
0
0
0
0
0
0
0
0
0
0,1506849
0,1506849
0,1689498
0,02968037
